2020-11- 4  2:49
3001            5001
W5                L5
  1       0        0
2000.00      2000.00
 10.50       -10.50
2010.50      1989.50


2020-11- 4  2:49
3001            5001
W3                L3
  2       0        0
2010.50      1989.50
   8.78        -8.78
2019.28      1980.72


2020-11- 4  2:49
3001            5001
W4                L4
  3       0        0
2019.28      1980.72
   9.32        -9.32
2028.60      1971.40


2020-11- 4  2:49
3001            5001
W5                L5
  4       0        0
2028.60      1971.40
   9.81        -9.81
2038.41      1961.59


2020-11- 4  2:49
3001            5001
W4                L4
  5       0        0
2038.41      1961.59
   8.89        -8.89
2047.30      1952.70


2020-11- 4  2:51
5002            5001
W6                L6
  1       0        0
2023.33      1952.70
 10.34       -10.34
2033.67      1942.36


2020-11- 4  2:51
5002            5001
W6                L6
  2       0        0
2033.67      1942.36
 10.07       -10.07
2043.74      1932.29


2020-11- 4  2:51
5002            5001
W5                L5
  3       0        0
2043.74      1932.29
   9.16        -9.16
2052.90      1923.13


2020-11- 4  2:51
5001            5002
W6                L6
  1       0        3
1923.13      2052.90
 12.92       -12.92
1936.05      2039.98


2020-11- 4  2:51
5001            5002
W6                L6
  2       0        3
1936.05      2039.98
 12.59       -12.59
1948.64      2027.40


2020-11- 5  0:32
2001            5001
W5                L5
  1       0        0
2055.23      1948.64
   9.22        -9.22
2064.45      1939.42


2020-11- 5  0:37
2001            5001
W4                L4
  2       0        0
2064.45      1939.42
   8.36        -8.36
2072.81      1931.07


2020-11- 5  0:40
2001            5001
W3                L3
  3       0        0
2072.81      1931.07
   7.54        -7.54
2080.35      1923.52


2020-11- 5  0:44
2001            5001
W3                L3
  4       0        0
2080.35      1923.52
   7.39        -7.39
2087.75      1916.13


2020-11- 5  0:47
2001            5001
W5                L5
  5       0        0
2087.75      1916.13
   8.45        -8.45
2096.20      1907.68


2020-11- 6  0:20
1001            5001
W6                L6
  1       0        0
1976.70      1907.68
 10.36       -10.36
1987.06      1897.32


2020-11- 6  0:22
5001            1001
W6                L6
  1       0        1
1897.32      1987.06
 12.41       -12.41
1909.73      1974.65


2020-11- 6  0:22
5001            1001
W6                L6
  2       0        1
1909.73      1974.65
 12.09       -12.09
1921.82      1962.56


2020-11- 6  0:24
1001            5001
W6                L6
  2       0        2
1962.56      1921.82
 10.72       -10.72
1973.29      1911.10


2020-11- 6  0:25
5001            1001
W6                L6
  3       0        2
1911.10      1973.29
 12.05       -12.05
1923.15      1961.23


2020-11- 8 23:49
5001            6001
W5                L5
  1       0        0
1923.15      1905.11
 10.28       -10.28
1933.44      1894.83


2020-11- 8 23:53
5001            6001
W5                L5
  2       0        0
1933.44      1894.83
 10.03       -10.03
1943.47      1884.80


2020-11- 9  0: 1
6001            5001
W5                L5
  1       0        2
1884.80      1943.47
 11.21       -11.21
1896.01      1932.26


2020-11- 9  0: 7
6001            5001
W2                L2
  2       0        2
1896.01      1932.26
   8.59        -8.59
1904.60      1923.67


2020-11- 9  0:10
5001            6001
W5                L5
  3       0        2
1923.67      1904.60
 10.27       -10.27
1933.94      1894.33


2020-11- 9  1:35
1002            5001
W5                L5
  1       0        0
1984.64      1933.94
   9.89        -9.89
1994.53      1924.05


2020-11- 9  1:42
1002            5001
W4                L4
  2       0        0
1994.53      1924.05
   8.96        -8.96
2003.49      1915.09


2020-11- 9  1:42
5001            1002
W6                L6
  1       0        2
1915.09      2003.49
 12.39       -12.39
1927.48      1991.10


2020-11- 9  1:45
1002            5001
W5                L5
  3       0        1
1991.10      1927.48
   9.73        -9.73
2000.83      1917.75


2020-11- 9  1:48
1002            5001
W4                L4
  4       0        1
2000.83      1917.75
   8.82        -8.82
2009.65      1908.93


2020-11-10  2:12
2002            5001
W5                L5
  1       0        0
2120.73      1908.93
   7.99        -7.99
2128.72      1900.94


2020-11-10  2:15
2002            5001
W3                L3
  2       0        0
2128.72      1900.94
   6.69        -6.69
2135.41      1894.25


2020-11-10  2:18
2002            5001
W3                L3
  3       0        0
2135.41      1894.25
   6.56        -6.56
2141.98      1887.68


2020-11-10  2:19
2002            5001
W4                L4
  4       0        0
2141.98      1887.68
   6.97        -6.97
2148.95      1880.71


2020-11-10  2:19
5001            2002
W6                L6
  1       0        4
1880.71      2148.95
 14.62       -14.62
1895.33      2134.33


2020-11-12  0:39
5001            6002
W1                L1
  1       0        0
1895.33      2000.00
   8.40        -8.40
1903.73      1991.60


2020-11-12  0:41
5001            6002
W6                L6
  2       0        0
1903.73      1991.60
 12.38       -12.38
1916.11      1979.22


2020-11-12  0:42
6002            5001
W5                L5
  1       0        2
1979.22      1916.11
   9.74        -9.74
1988.96      1906.38


2020-11-12  0:48
5001            6002
W3                L3
  3       0        1
1906.38      1988.96
   9.85        -9.85
1916.23      1979.10


2020-11-12  0:51
5001            6002
W6                L6
  4       0        1
1916.23      1979.10
 12.06       -12.06
1928.29      1967.04


2020-11-12  0:56
1003            5001
W6                L6
  1       0        0
1970.21      1928.29
 10.71       -10.71
1980.91      1917.59


2020-11-12  0:57
5001            1003
W6                L6
  1       0        1
1917.59      1980.91
 12.07       -12.07
1929.66      1968.85


2020-11-12  1: 0
1003            5001
W4                L4
  2       0        1
1968.85      1929.66
   9.31        -9.31
1978.16      1920.35


2020-11-12  1: 2
5001            1003
W5                L5
  2       0        2
1920.35      1978.16
 11.20       -11.20
1931.54      1966.96


2020-11-12  1: 4
5001            1003
W6                L6
  3       0        2
1931.54      1966.96
 11.71       -11.71
1943.25      1955.25


2020-11-12  2: 5
4002            5001
W6                L6
  1       0        0
2014.43      1943.25
 10.33       -10.33
2024.76      1932.92


2020-11-12  2: 6
5001            4002
W5                L5
  1       0        1
1932.92      2024.76
 11.61       -11.61
1944.53      2013.15


2020-11-12  2:11
5001            4002
W2                L2
  2       0        1
1944.53      2013.15
   8.90        -8.90
1953.43      2004.25


2020-11-12  2:14
5001            4002
W4                L4
  3       0        1
1953.43      2004.25
 10.32       -10.32
1963.75      1993.93


2020-11-12  2:16
4002            5001
W5                L5
  2       0        3
1993.93      1963.75
 10.14       -10.14
2004.07      1953.62


2020-11-25  1:44
1001            5001
W5                L5
  3       0        3
1899.24      1953.62
 11.16       -11.16
1910.40      1942.46


2020-11-25  1:46
1001            5001
W6                L6
  4       0        3
1910.40      1942.46
 11.67       -11.67
1922.07      1930.80


2020-11-25  1:50
5001            1001
W5                L5
  4       0        4
1930.80      1922.07
 10.39       -10.39
1941.19      1911.67


2020-11-25  1:50
5001            1001
W6                L6
  5       0        4
1941.19      1911.67
 10.87       -10.87
1952.06      1900.80


2020-11-25  1:51
5001            1001
W6                L6
  6       0        4
1952.06      1900.80
 10.59       -10.59
1962.65      1890.22


2020-11-25  1:56
3002            5001
W5                L5
  1       0        0
2054.29      1962.65
   9.40        -9.40
2063.69      1953.25


2020-11-25  1:58
3002            5001
W6                L6
  2       0        0
2063.69      1953.25
   9.83        -9.83
2073.51      1943.42


2020-11-25  2: 4
3002            5001
W2                L2
  3       0        0
2073.51      1943.42
   7.02        -7.02
2080.54      1936.40


2020-11-25  2: 7
5001            3002
W6                L6
  1       0        3
1936.40      2080.54
 13.10       -13.10
1949.50      2067.44


2020-11-25  2:10
3002            5001
W6                L6
  4       0        1
2067.44      1949.50
   9.73        -9.73
2077.17      1939.77


2020-11-25  2:21
5002            5001
W3                L3
  4       0        2
2050.99      1939.77
   7.85        -7.85
2058.85      1931.92


2020-11-25  2:22
5002            5001
W5                L5
  5       0        2
2058.85      1931.92
   8.98        -8.98
2067.82      1922.94


2020-11-25  2:23
5001            5002
W5                L5
  3       0        5
1922.94      2067.82
 12.24       -12.24
1935.18      2055.59


2020-11-25  2:26
5002            5001
W6                L6
  6       0        3
2055.59      1935.18
   9.70        -9.70
2065.29      1925.48


2020-11-25  2:26
5002            5001
W6                L6
  7       0        3
2065.29      1925.48
   9.45        -9.45
2074.75      1916.02


2020-11-25  2:28
5001            6001
W6                L6
  4       0        2
1916.02      1837.58
 10.24       -10.24
1926.26      1827.34


2020-11-25  2:31
5001            6001
W6                L6
  5       0        2
1926.26      1827.34
   9.97        -9.97
1936.23      1817.37


2020-11-25  2:32
6001            5001
W6                L6
  3       0        5
1817.37      1936.23
 12.78       -12.78
1830.15      1923.45


2020-11-25  2:41
5001            6001
W2                L2
  6       0        3
1923.45      1830.15
   7.37        -7.37
1930.82      1822.78


2020-11-25  2:42
6001            5001
W6                L6
  4       0        6
1822.78      1930.82
 12.64       -12.64
1835.42      1918.18


2020-12- 5 14:33
1002            5001
W4                L4
  5       0        1
1822.94      1918.18
 11.31       -11.31
1834.25      1906.87


2020-12- 5 14:33
1002            5001
W4                L4
  6       0        1
1834.25      1906.87
 11.06       -11.06
1845.32      1895.80


2020-12- 5 14:33
1002            5001
W6                L6
  7       0        1
1845.32      1895.80
 13.10       -13.10
1858.42      1882.70


2020-12- 5 14:33
1002            5001
W5                L5
  8       0        1
1858.42      1882.70
 11.59       -11.59
1870.02      1871.11


2020-12- 5 14:33
1002            5001
W5                L5
  9       0        1
1870.02      1871.11
 11.31       -11.31
1881.33      1859.79


2020-12- 5 14:33
2001            5001
W5                L5
  6       0        0
2363.04      1859.79
   5.82        -5.82
2368.86      1853.98


2020-12- 5 14:33
2001            5001
W5                L5
  7       0        0
2368.86      1853.98
   5.72        -5.72
2374.57      1848.26


2020-12- 5 14:33
2001            5001
W5                L5
  8       0        0
2374.57      1848.26
   5.62        -5.62
2380.19      1842.64


2020-12- 5 14:33
2001            5001
W4                L4
  9       0        0
2380.19      1842.64
   4.88        -4.88
2385.07      1837.76


2020-12- 5 14:33
5001            2001
W1                L1
  1       0        9
1837.76      2385.07
 11.79       -11.79
1849.55      2373.29


2020-12- 5 14:33
2003            5001
W3                L3
  1       0        0
2256.49      1849.55
   5.37        -5.37
2261.86      1844.18


2020-12- 5 14:33
2003            5001
W5                L5
  2       0        0
2261.86      1844.18
   6.61        -6.61
2268.47      1837.57


2020-12- 5 14:33
2003            5001
W5                L5
  3       0        0
2268.47      1837.57
   6.48        -6.48
2274.95      1831.09


2020-12- 5 14:33
2003            5001
W5                L5
  4       0        0
2274.95      1831.09
   6.36        -6.36
2281.31      1824.74


2020-12- 5 14:33
2003            5001
W4                L4
  5       0        0
2281.31      1824.74
   5.55        -5.55
2286.86      1819.19


2020-12- 5 14:34
5001            6003
W5                L5
  1       0        0
1819.19      1889.82
 12.15       -12.15
1831.34      1877.66


2020-12- 5 14:34
6003            5001
W2                L2
  1       0        1
1877.66      1831.34
   8.01        -8.01
1885.68      1823.33


2020-12- 5 14:34
5001            6003
W4                L4
  2       0        1
1823.33      1885.68
 10.95       -10.95
1834.28      1874.73


2020-12- 5 14:34
5001            6003
W6                L6
  3       0        1
1834.28      1874.73
 12.97       -12.97
1847.25      1861.75


2020-12- 5 14:34
5001            6003
W3                L3
  4       0        1
1847.25      1861.75
   9.45        -9.45
1856.70      1852.30


