2020-11- 4  2:49
5002            6001
W5                L5
  1       0        0
2000.00      2000.00
 10.50       -10.50
2010.50      1989.50


2020-11- 4  2:49
5002            6001
W2                L2
  2       0        0
2010.50      1989.50
   8.05        -8.05
2018.55      1981.45


2020-11- 4  2:50
5002            6001
W2                L2
  3       0        0
2018.55      1981.45
   7.90        -7.90
2026.45      1973.55


2020-11- 4  2:50
6001            5002
W4                L4
  1       0        3
1973.55      2026.45
 10.34       -10.34
1983.90      2016.11


2020-11- 4  2:50
5002            6001
W1                L1
  4       0        1
2016.11      1983.90
   7.22        -7.22
2023.33      1976.67


2020-11- 4  2:50
1001            6001
W6                L6
  1       0        0
1989.53      1976.67
 11.08       -11.08
2000.61      1965.59


2020-11- 4  2:50
1001            6001
W5                L5
  2       0        0
2000.61      1965.59
 10.08       -10.08
2010.69      1955.51


2020-11- 4  2:50
1001            6001
W4                L4
  3       0        0
2010.69      1955.51
   9.13        -9.13
2019.82      1946.38


2020-11- 4  2:50
1001            6001
W3                L3
  4       0        0
2019.82      1946.38
   8.24        -8.24
2028.06      1938.14


2020-11- 4  2:50
6001            1001
W5                L5
  1       0        4
1938.14      2028.06
 11.58       -11.58
1949.73      2016.48


2020-11- 5 23:59
3001            6001
W6                L6
  1       0        0
2054.54      1949.73
   9.90        -9.90
2064.44      1939.83


2020-11- 6  0: 1
3001            6001
W5                L5
  2       0        0
2064.44      1939.83
   9.00        -9.00
2073.44      1930.82


2020-11- 6  0: 3
6001            3001
W5                L5
  1       0        2
1930.82      2073.44
 12.21       -12.21
1943.03      2061.24


2020-11- 6  0: 6
3001            6001
W5                L5
  3       0        1
2061.24      1943.03
   9.08        -9.08
2070.32      1933.95


2020-11- 6  0: 9
6001            3001
W5                L5
  2       0        3
1933.95      2070.32
 12.14       -12.14
1946.09      2058.18


2020-11- 6  2:22
2001            6001
W5                L5
  1       0        0
2096.20      1946.09
   8.70        -8.70
2104.90      1937.38


2020-11- 6  2:22
2001            6001
W5                L5
  2       0        0
2104.90      1937.38
   8.50        -8.50
2113.40      1928.89


2020-11- 6  2:22
2001            6001
W5                L5
  3       0        0
2113.40      1928.89
   8.30        -8.30
2121.71      1920.58


2020-11- 6  2:22
2001            6001
W5                L5
  4       0        0
2121.71      1920.58
   8.11        -8.11
2129.82      1912.47


2020-11- 6  2:22
2001            6001
W4                L4
  5       0        0
2129.82      1912.47
   7.36        -7.36
2137.18      1905.11


2020-11- 8 23:49
5001            6001
W5                L5
  1       0        0
1923.15      1905.11
 10.28       -10.28
1933.44      1894.83


2020-11- 8 23:53
5001            6001
W5                L5
  2       0        0
1933.44      1894.83
 10.03       -10.03
1943.47      1884.80


2020-11- 9  0: 1
6001            5001
W5                L5
  1       0        2
1884.80      1943.47
 11.21       -11.21
1896.01      1932.26


2020-11- 9  0: 7
6001            5001
W2                L2
  2       0        2
1896.01      1932.26
   8.59        -8.59
1904.60      1923.67


2020-11- 9  0:10
5001            6001
W5                L5
  3       0        2
1923.67      1904.60
 10.27       -10.27
1933.94      1894.33


