2020-11-12  0:39
5001            6002
W1                L1
  1       0        0
1895.33      2000.00
   8.40        -8.40
1903.73      1991.60


2020-11-12  0:41
5001            6002
W6                L6
  2       0        0
1903.73      1991.60
 12.38       -12.38
1916.11      1979.22


2020-11-12  0:42
6002            5001
W5                L5
  1       0        2
1979.22      1916.11
   9.74        -9.74
1988.96      1906.38


2020-11-12  0:48
5001            6002
W3                L3
  3       0        1
1906.38      1988.96
   9.85        -9.85
1916.23      1979.10


2020-11-12  0:51
5001            6002
W6                L6
  4       0        1
1916.23      1979.10
 12.06       -12.06
1928.29      1967.04


2020-11-12  1:21
4002            6002
W1                L1
  1       0        0
2029.80      1967.04
   6.96        -6.96
2036.76      1960.08


2020-11-12  1:28
6002            4002
W2                L2
  1       0        1
1960.08      2036.76
   8.98        -8.98
1969.06      2027.78


2020-11-12  1:33
4002            6002
W3                L3
  2       0        1
2027.78      1969.06
   8.39        -8.39
2036.18      1960.67


2020-11-12  1:36
6002            4002
W4                L4
  2       0        2
1960.67      2036.18
 10.60       -10.60
1971.26      2025.58


2020-11-12  1:38
6002            4002
W5                L5
  3       0        2
1971.26      2025.58
 11.16       -11.16
1982.42      2014.43


2020-11-12  1:46
1003            6002
W3                L3
  1       0        0
1955.25      1982.42
   9.28        -9.28
1964.53      1973.14


2020-11-12  1:47
1003            6002
W6                L6
  2       0        0
1964.53      1973.14
 11.36       -11.36
1975.90      1961.78


2020-11-12  1:48
6002            1003
W6                L6
  1       0        2
1961.78      1975.90
 11.43       -11.43
1973.21      1964.46


2020-11-12  1:52
1003            6002
W3                L3
  3       0        1
1964.46      1973.21
   9.09        -9.09
1973.55      1964.12


2020-11-12  1:57
1003            6002
W3                L3
  4       0        1
1973.55      1964.12
   8.90        -8.90
1982.46      1955.22


2020-11-26 23:30
1001            6002
W2                L2
  1       0        0
1890.22      1955.22
   8.87        -8.87
1899.09      1946.35


2020-11-26 23:34
1001            6002
W6                L6
  2       0        0
1899.09      1946.35
 13.36       -13.36
1912.45      1932.99


2020-11-26 23:36
6002            1001
W4                L4
  1       0        2
1932.99      1912.45
   9.52        -9.52
1942.51      1902.93


2020-11-26 23:38
1001            6002
W6                L6
  3       0        1
1902.93      1942.51
 13.26       -13.26
1916.19      1929.25


2020-11-26 23:39
1001            6002
W6                L6
  4       0        1
1916.19      1929.25
 12.92       -12.92
1929.11      1916.33


2020-11-26 23:49
3002            6002
W3                L3
  1       0        0
2077.17      1916.33
   7.35        -7.35
2084.52      1908.98


2020-11-26 23:57
3002            6002
W5                L5
  2       0        0
2084.52      1908.98
   9.41        -9.41
2093.93      1899.57


2020-11-27  0: 0
3002            6002
W5                L5
  3       0        0
2093.93      1899.57
   9.19        -9.19
2103.12      1890.38


2020-11-27  0: 5
3002            6002
W4                L4
  4       0        0
2103.12      1890.38
   7.41        -7.41
2110.53      1882.97


2020-11-27  0: 8
3002            6002
W5                L5
  5       0        0
2110.53      1882.97
   8.81        -8.81
2119.34      1874.16


2020-11-27  0:16
5002            6002
W6                L6
  1       0        0
2074.75      1874.16
 10.20       -10.20
2084.94      1863.96


2020-11-27  0:20
5002            6002
W6                L6
  2       0        0
2084.94      1863.96
   9.95        -9.95
2094.89      1854.02


2020-11-27  0:22
5002            6002
W5                L5
  3       0        0
2094.89      1854.02
   8.66        -8.66
2103.55      1845.36


2020-11-27  0:24
5002            6002
W5                L5
  4       0        0
2103.55      1845.36
   8.47        -8.47
2112.02      1836.89


2020-11-27  0:28
5002            6002
W2                L2
  5       0        0
2112.02      1836.89
   5.72        -5.72
2117.74      1831.17


2020-11-27  0:57
6002            6001
W5                L5
  1       0        0
1831.17      1835.42
 10.95       -10.95
1842.12      1824.47


2020-11-27  1: 2
6001            6002
W3                L3
  1       0        1
1824.47      1842.12
   9.18        -9.18
1833.65      1832.94


2020-11-27  1:19
6001            6002
W2                L2
  2       0        1
1833.65      1832.94
   8.24        -8.24
1841.90      1824.69


2020-11-27  1:20
6002            6001
W6                L6
  2       0        2
1824.69      1841.90
 12.27       -12.27
1836.97      1829.63


2020-11-27  1:23
6001            6002
W3                L3
  3       0        2
1829.63      1836.97
   9.08        -9.08
1838.70      1827.89


2020-12- 6 14:38
1002            6002
W4                L4
  1       0        0
1881.33      1827.89
   9.65        -9.65
1890.98      1818.24


2020-12- 6 14:38
1002            6002
W6                L6
  2       0        0
1890.98      1818.24
 11.51       -11.51
1902.49      1806.73


2020-12- 6 14:39
6002            1002
W5                L5
  1       0        2
1806.73      1902.49
 12.45       -12.45
1819.19      1890.04


2020-12- 6 14:39
1002            6002
W4                L4
  3       0        1
1890.04      1819.19
   9.46        -9.46
1899.50      1809.73


2020-12- 6 14:39
1002            6002
W6                L6
  4       0        1
1899.50      1809.73
 11.29       -11.29
1910.79      1798.44


2020-12- 6 14:39
2001            6002
W5                L5
  1       0        0
2373.29      1798.44
   5.21        -5.21
2378.50      1793.22


2020-12- 6 14:39
6002            2001
W5                L5
  1       0        1
1793.22      2378.50
 17.47       -17.47
1810.69      2361.04


2020-12- 6 14:39
2001            6002
W6                L6
  2       0        1
2361.04      1810.69
   6.14        -6.14
2367.18      1804.55


2020-12- 6 14:39
2001            6002
W4                L4
  3       0        1
2367.18      1804.55
   4.69        -4.69
2371.87      1799.86


2020-12- 6 14:39
2001            6002
W6                L6
  4       0        1
2371.87      1799.86
   5.95        -5.95
2377.83      1793.90


2020-12- 6 14:40
2003            6002
W1                L1
  1       0        0
2286.86      1793.90
   3.75        -3.75
2290.61      1790.15


2020-12- 6 14:40
6002            2003
W4                L4
  1       0        1
1790.15      2290.61
 15.32       -15.32
1805.47      2275.29


2020-12- 6 14:40
2003            6002
W5                L5
  2       0        1
2275.29      1805.47
   6.12        -6.12
2281.41      1799.36


2020-12- 6 14:40
2003            6002
W6                L6
  3       0        1
2281.41      1799.36
   6.78        -6.78
2288.19      1792.58


2020-12- 6 14:40
2003            6002
W5                L5
  4       0        1
2288.19      1792.58
   5.88        -5.88
2294.07      1786.70


2020-12- 6 14:47
6003            6002
W3                L3
  1       0        0
1852.30      1786.70
   8.62        -8.62
1860.93      1778.08


2020-12- 6 14:51
6002            6003
W4                L4
  1       0        1
1778.08      1860.93
 11.18       -11.18
1789.25      1849.75


2020-12- 6 14:56
6003            6002
W5                L5
  2       0        1
1849.75      1789.25
 10.57       -10.57
1860.32      1778.68


2020-12- 6 14:58
6003            6002
W4                L4
  3       0        1
1860.32      1778.68
   9.34        -9.34
1869.66      1769.35


2020-12- 6 15: 3
6003            6002
W3                L3
  4       0        1
1869.66      1769.35
   8.27        -8.27
1877.92      1761.08


