2020-11-15 19:44
4001            5003
W6                L6
  1       0        0
2000.00      2000.00
 11.25       -11.25
2011.25      1988.75


2020-11-15 19:48
4001            5003
W5                L5
  2       0        0
2011.25      1988.75
 10.23       -10.23
2021.48      1978.52


2020-11-15 19:50
4001            5003
W5                L5
  3       0        0
2021.48      1978.52
   9.98        -9.98
2031.46      1968.54


2020-11-15 19:50
4001            5003
W4                L4
  4       0        0
2031.46      1968.54
   9.04        -9.04
2040.51      1959.50


2020-11-15 19:50
4001            5003
W4                L4
  5       0        0
2040.51      1959.50
   8.84        -8.84
2049.35      1950.65


2020-11-15 19:53
4001            2002
W6                L6
  1       0        0
2049.35      2122.25
 12.19       -12.19
2061.55      2110.05


2020-11-15 19:55
2002            4001
W2                L2
  1       0        1
2110.05      2061.55
   7.79        -7.79
2117.85      2053.76


2020-11-15 19:58
2002            4001
W4                L4
  2       0        1
2117.85      2053.76
   9.03        -9.03
2126.88      2044.72


2020-11-15 20: 3
4001            2002
W2                L2
  2       0        2
2044.72      2126.88
   9.03        -9.03
2053.75      2117.85


2020-11-15 20: 5
4001            2002
W5                L5
  3       0        2
2053.75      2117.85
 11.27       -11.27
2065.03      2106.58


2020-11-22  1:18
4001            3001
W5                L5
  1       0        0
2065.03      2093.78
 10.85       -10.85
2075.88      2082.93


2020-11-22  1:20
4001            3001
W5                L5
  2       0        0
2075.88      2082.93
 10.59       -10.59
2086.46      2072.35


2020-11-22  1:23
3001            4001
W6                L6
  1       0        2
2072.35      2086.46
 11.43       -11.43
2083.78      2075.03


2020-11-22  1:28
3001            4001
W5                L5
  2       0        2
2083.78      2075.03
 10.39       -10.39
2094.18      2064.63


2020-11-22  1:32
4001            3001
W5                L5
  3       0        2
2064.63      2094.18
 10.86       -10.86
2075.49      2083.32


2020-11-27  3: 4
4001            1002
W4                L4
  1       0        0
2075.49      1824.06
   7.00        -7.00
2082.50      1817.06


2020-11-27  3: 6
4001            1002
W5                L5
  2       0        0
2082.50      1817.06
   8.39        -8.39
2090.89      1808.67


2020-11-27  3: 7
4001            1002
W5                L5
  3       0        0
2090.89      1808.67
   8.20        -8.20
2099.09      1800.47


2020-11-27  3: 8
4001            1002
W5                L5
  4       0        0
2099.09      1800.47
   8.03        -8.03
2107.12      1792.44


2020-11-27  3:12
4001            1002
W2                L2
  5       0        0
2107.12      1792.44
   5.39        -5.39
2112.50      1787.06


