2019-11-27 20:57
2002            1001
W6                L6
  1       0        0
2000.00      1935.63
   9.26        -9.26
2009.26      1926.37


2019-11-27 20:58
2002            1001
W5                L5
  2       0        0
2009.26      1926.37
   8.60        -8.60
2017.86      1917.77


2019-11-27 21: 3
2002            1001
W4                L4
  3       0        0
2017.86      1917.77
   7.97        -7.97
2025.83      1909.81


2019-11-27 21: 4
2002            1002
W6                L6
  1       0        0
2025.83      2026.30
 10.01       -10.01
2035.83      2016.29


2019-11-27 21: 8
2002            1002
W5                L5
  2       0        0
2035.83      2016.29
   9.29        -9.29
2045.12      2007.00


2019-11-27 21:12
2002            1002
W5                L5
  3       0        0
2045.12      2007.00
   9.08        -9.08
2054.20      1997.92


2019-11-27 21:27
2002            2001
W6                L6
  1       0        0
2054.20      2044.67
   9.89        -9.89
2064.10      2034.78


2019-11-27 21:29
2001            2002
W5                L5
  1       0        1
2034.78      2064.10
   9.82        -9.82
2044.60      2054.28


2019-11-27 21:33
2002            2001
W4                L4
  2       0        1
2054.28      2044.60
   8.90        -8.90
2063.18      2035.70


2019-11-28 21:42
3002            2002
W6                L6
  1       0        0
2000.89      2063.18
 10.72       -10.72
2011.61      2052.46


2019-11-28 21:46
2002            3002
W4                L4
  1       0        1
2052.46      2011.61
   8.58        -8.58
2061.04      2003.03


2019-11-28 21:50
2002            3002
W4                L4
  2       0        1
2061.04      2003.03
   8.40        -8.40
2069.44      1994.63


2019-11-28 21:55
3002            2002
W4                L4
  2       0        2
1994.63      2069.44
   9.77        -9.77
2004.40      2059.67


2019-11-28 21:56
3002            2002
W5                L5
  3       0        2
2004.40      2059.67
 10.10       -10.10
2014.51      2049.56


