2020-11- 4  2:49
3001            5001
W5                L5
  1       0        0
2000.00      2000.00
 10.50       -10.50
2010.50      1989.50


2020-11- 4  2:49
3001            5001
W3                L3
  2       0        0
2010.50      1989.50
   8.78        -8.78
2019.28      1980.72


2020-11- 4  2:49
3001            5001
W4                L4
  3       0        0
2019.28      1980.72
   9.32        -9.32
2028.60      1971.40


2020-11- 4  2:49
3001            5001
W5                L5
  4       0        0
2028.60      1971.40
   9.81        -9.81
2038.41      1961.59


2020-11- 4  2:49
3001            5001
W4                L4
  5       0        0
2038.41      1961.59
   8.89        -8.89
2047.30      1952.70


2020-11- 4  2:51
3001            2002
W2                L2
  1       0        0
2047.30      1993.68
   7.74        -7.74
2055.05      1985.94


2020-11- 4  2:51
2002            3001
W4                L4
  1       0        1
1985.94      2055.05
 10.52       -10.52
1996.46      2044.52


2020-11- 4  2:51
3001            2002
W4                L4
  2       0        1
2044.52      1996.46
   9.21        -9.21
2053.73      1987.25


2020-11- 4  2:51
3001            2002
W5                L5
  3       0        1
2053.73      1987.25
   9.70        -9.70
2063.43      1977.55


2020-11- 4  2:51
2002            3001
W6                L6
  2       0        3
1977.55      2063.43
 12.36       -12.36
1989.91      2051.07


2020-11- 4  3: 6
3001            1002
W5                L5
  1       0        0
2051.07      1961.58
   9.42        -9.42
2060.50      1952.16


2020-11- 4  3: 8
1002            3001
W5                L5
  1       0        1
1952.16      2060.50
 11.80       -11.80
1963.96      2048.69


2020-11- 4  3:12
3001            1002
W3                L3
  2       0        1
2048.69      1963.96
   8.12        -8.12
2056.82      1955.83


2020-11- 4  3:15
1002            3001
W6                L6
  2       0        2
1955.83      2056.82
 12.55       -12.55
1968.39      2044.27


2020-11- 4  3:16
3001            1002
W6                L6
  3       0        2
2044.27      1968.39
 10.27       -10.27
2054.54      1958.12


2020-11- 5 23:59
3001            6001
W6                L6
  1       0        0
2054.54      1949.73
   9.90        -9.90
2064.44      1939.83


2020-11- 6  0: 1
3001            6001
W5                L5
  2       0        0
2064.44      1939.83
   9.00        -9.00
2073.44      1930.82


2020-11- 6  0: 3
6001            3001
W5                L5
  1       0        2
1930.82      2073.44
 12.21       -12.21
1943.03      2061.24


2020-11- 6  0: 6
3001            6001
W5                L5
  3       0        1
2061.24      1943.03
   9.08        -9.08
2070.32      1933.95


2020-11- 6  0: 9
6001            3001
W5                L5
  2       0        3
1933.95      2070.32
 12.14       -12.14
1946.09      2058.18


2020-11- 7  4:30
3001            5002
W5                L5
  1       0        0
2058.18      1947.69
   9.17        -9.17
2067.35      1938.52


2020-11- 7  4:30
5002            3001
W6                L6
  1       0        1
1938.52      2067.35
 12.91       -12.91
1951.43      2054.45


2020-11- 7  4:34
3001            5002
W5                L5
  2       0        1
2054.45      1951.43
   9.26        -9.26
2063.71      1942.17


2020-11- 7  4:39
3001            5002
W5                L5
  3       0        1
2063.71      1942.17
   9.04        -9.04
2072.75      1933.13


2020-11- 7  4:43
3001            5002
W5                L5
  4       0        1
2072.75      1933.13
   8.83        -8.83
2081.58      1924.30


2020-11- 7  4:50
3001            1001
W3                L3
  1       0        0
2081.58      1939.42
   7.54        -7.54
2089.12      1931.88


2020-11- 7  4:52
1001            3001
W4                L4
  1       0        1
1931.88      2089.12
 11.50       -11.50
1943.38      2077.62


2020-11- 8  3:18
1001            3001
W5                L5
  2       0        1
1943.38      2077.62
 12.11       -12.11
1955.49      2065.51


2020-11- 8  3:20
3001            1001
W6                L6
  2       0        2
2065.51      1955.49
   9.83        -9.83
2075.35      1945.66


2020-11- 8  3:22
1001            3001
W6                L6
  3       0        2
1945.66      2075.35
 12.92       -12.92
1958.58      2062.43


2020-11- 8  3:57
2001            3001
W3                L3
  1       0        0
2172.45      2062.43
   7.87        -7.87
2180.32      2054.56


2020-11- 8  4: 1
2001            3001
W6                L6
  2       0        0
2180.32      2054.56
   9.63        -9.63
2189.95      2044.93


2020-11- 8  4: 4
2001            3001
W5                L5
  3       0        0
2189.95      2044.93
   8.76        -8.76
2198.72      2036.17


2020-11- 8  4: 7
2001            3001
W4                L4
  4       0        0
2198.72      2036.17
   7.95        -7.95
2206.66      2028.22


2020-11- 8  4: 9
3001            2001
W6                L6
  1       0        4
2028.22      2206.66
 13.53       -13.53
2041.75      2193.13


