2020-11-12  0:39
5001            6002
W1                L1
  1       0        0
1895.33      2000.00
   8.40        -8.40
1903.73      1991.60


2020-11-12  0:41
5001            6002
W6                L6
  2       0        0
1903.73      1991.60
 12.38       -12.38
1916.11      1979.22


2020-11-12  0:42
6002            5001
W5                L5
  1       0        2
1979.22      1916.11
   9.74        -9.74
1988.96      1906.38


2020-11-12  0:48
5001            6002
W3                L3
  3       0        1
1906.38      1988.96
   9.85        -9.85
1916.23      1979.10


2020-11-12  0:51
5001            6002
W6                L6
  4       0        1
1916.23      1979.10
 12.06       -12.06
1928.29      1967.04


2020-11-12  1:21
4002            6002
W1                L1
  1       0        0
2029.80      1967.04
   6.96        -6.96
2036.76      1960.08


2020-11-12  1:28
6002            4002
W2                L2
  1       0        1
1960.08      2036.76
   8.98        -8.98
1969.06      2027.78


2020-11-12  1:33
4002            6002
W3                L3
  2       0        1
2027.78      1969.06
   8.39        -8.39
2036.18      1960.67


2020-11-12  1:36
6002            4002
W4                L4
  2       0        2
1960.67      2036.18
 10.60       -10.60
1971.26      2025.58


2020-11-12  1:38
6002            4002
W5                L5
  3       0        2
1971.26      2025.58
 11.16       -11.16
1982.42      2014.43


2020-11-12  1:46
1003            6002
W3                L3
  1       0        0
1955.25      1982.42
   9.28        -9.28
1964.53      1973.14


2020-11-12  1:47
1003            6002
W6                L6
  2       0        0
1964.53      1973.14
 11.36       -11.36
1975.90      1961.78


2020-11-12  1:48
6002            1003
W6                L6
  1       0        2
1961.78      1975.90
 11.43       -11.43
1973.21      1964.46


2020-11-12  1:52
1003            6002
W3                L3
  3       0        1
1964.46      1973.21
   9.09        -9.09
1973.55      1964.12


2020-11-12  1:57
1003            6002
W3                L3
  4       0        1
1973.55      1964.12
   8.90        -8.90
1982.46      1955.22


2020-11-26 23:30
1001            6002
W2                L2
  1       0        0
1890.22      1955.22
   8.87        -8.87
1899.09      1946.35


2020-11-26 23:34
1001            6002
W6                L6
  2       0        0
1899.09      1946.35
 13.36       -13.36
1912.45      1932.99


2020-11-26 23:36
6002            1001
W4                L4
  1       0        2
1932.99      1912.45
   9.52        -9.52
1942.51      1902.93


2020-11-26 23:38
1001            6002
W6                L6
  3       0        1
1902.93      1942.51
 13.26       -13.26
1916.19      1929.25


2020-11-26 23:39
1001            6002
W6                L6
  4       0        1
1916.19      1929.25
 12.92       -12.92
1929.11      1916.33


2020-11-26 23:49
3002            6002
W3                L3
  1       0        0
2077.17      1916.33
   7.35        -7.35
2084.52      1908.98


2020-11-26 23:57
3002            6002
W5                L5
  2       0        0
2084.52      1908.98
   9.41        -9.41
2093.93      1899.57


2020-11-27  0: 0
3002            6002
W5                L5
  3       0        0
2093.93      1899.57
   9.19        -9.19
2103.12      1890.38


2020-11-27  0: 5
3002            6002
W4                L4
  4       0        0
2103.12      1890.38
   7.41        -7.41
2110.53      1882.97


2020-11-27  0: 8
3002            6002
W5                L5
  5       0        0
2110.53      1882.97
   8.81        -8.81
2119.34      1874.16


2020-11-27  0:16
5002            6002
W6                L6
  1       0        0
2074.75      1874.16
 10.20       -10.20
2084.94      1863.96


2020-11-27  0:20
5002            6002
W6                L6
  2       0        0
2084.94      1863.96
   9.95        -9.95
2094.89      1854.02


2020-11-27  0:22
5002            6002
W5                L5
  3       0        0
2094.89      1854.02
   8.66        -8.66
2103.55      1845.36


2020-11-27  0:24
5002            6002
W5                L5
  4       0        0
2103.55      1845.36
   8.47        -8.47
2112.02      1836.89


2020-11-27  0:28
5002            6002
W2                L2
  5       0        0
2112.02      1836.89
   5.72        -5.72
2117.74      1831.17


2020-11-27  0:57
6002            6001
W5                L5
  1       0        0
1831.17      1835.42
 10.95       -10.95
1842.12      1824.47


2020-11-27  1: 2
6001            6002
W3                L3
  1       0        1
1824.47      1842.12
   9.18        -9.18
1833.65      1832.94


2020-11-27  1:19
6001            6002
W2                L2
  2       0        1
1833.65      1832.94
   8.24        -8.24
1841.90      1824.69


2020-11-27  1:20
6002            6001
W6                L6
  2       0        2
1824.69      1841.90
 12.27       -12.27
1836.97      1829.63


2020-11-27  1:23
6001            6002
W3                L3
  3       0        2
1829.63      1836.97
   9.08        -9.08
1838.70      1827.89


