2020-11- 4  2:42
1002            1001
W5                L5
  1       0        0
2000.00      2000.00
 10.50       -10.50
2010.50      1989.50


2020-11- 4  2:42
1002            1001
W2                L2
  2       0        0
2010.50      1989.50
   8.05        -8.05
2018.55      1981.45


2020-11- 4  2:42
1001            1002
W2                L2
  1       0        2
1981.45      2018.55
   8.60        -8.60
1990.05      2009.95


2020-11- 4  2:42
1001            1002
W4                L4
  2       0        2
1990.05      2009.95
   9.97        -9.97
2000.03      1999.98


2020-11- 4  2:42
1002            1001
W5                L5
  3       0        2
1999.98      2000.03
 10.50       -10.50
2010.48      1989.53


2020-11- 4  2:50
1001            6001
W6                L6
  1       0        0
1989.53      1976.67
 11.08       -11.08
2000.61      1965.59


2020-11- 4  2:50
1001            6001
W5                L5
  2       0        0
2000.61      1965.59
 10.08       -10.08
2010.69      1955.51


2020-11- 4  2:50
1001            6001
W4                L4
  3       0        0
2010.69      1955.51
   9.13        -9.13
2019.82      1946.38


2020-11- 4  2:50
1001            6001
W3                L3
  4       0        0
2019.82      1946.38
   8.24        -8.24
2028.06      1938.14


2020-11- 4  2:50
6001            1001
W5                L5
  1       0        4
1938.14      2028.06
 11.58       -11.58
1949.73      2016.48


2020-11- 4  2:51
2002            1001
W4                L4
  1       0        0
1989.91      2016.48
 10.05       -10.05
1999.96      2006.43


2020-11- 4  2:51
2002            1001
W4                L4
  2       0        0
1999.96      2006.43
   9.82        -9.82
2009.79      1996.61


2020-11- 4  2:51
2002            1001
W4                L4
  3       0        0
2009.79      1996.61
   9.60        -9.60
2019.39      1987.01


2020-11- 4  2:51
1001            2002
W6                L6
  1       0        3
1987.01      2019.39
 11.67       -11.67
1998.68      2007.72


2020-11- 4  2:51
2002            1001
W6                L6
  4       0        1
2007.72      1998.68
 11.13       -11.13
2018.85      1987.54


2020-11- 4  2:51
2002            1001
W6                L6
  5       0        1
2018.85      1987.54
 10.84       -10.84
2029.70      1976.70


2020-11- 6  0:20
1001            5001
W6                L6
  1       0        0
1976.70      1907.68
 10.36       -10.36
1987.06      1897.32


2020-11- 6  0:22
5001            1001
W6                L6
  1       0        1
1897.32      1987.06
 12.41       -12.41
1909.73      1974.65


2020-11- 6  0:22
5001            1001
W6                L6
  2       0        1
1909.73      1974.65
 12.09       -12.09
1921.82      1962.56


2020-11- 6  0:24
1001            5001
W6                L6
  2       0        2
1962.56      1921.82
 10.72       -10.72
1973.29      1911.10


2020-11- 6  0:25
5001            1001
W6                L6
  3       0        2
1911.10      1973.29
 12.05       -12.05
1923.15      1961.23


2020-11- 7  4:12
1001            2001
W4                L4
  1       0        0
1961.23      2137.18
 11.70       -11.70
1972.93      2125.48


2020-11- 7  4:16
2001            1001
W5                L5
  1       0        1
2125.48      1972.93
   8.67        -8.67
2134.16      1964.26


2020-11- 7  4:17
2001            1001
W6                L6
  2       0        1
2134.16      1964.26
   9.08        -9.08
2143.24      1955.18


2020-11- 7  4:18
2001            1001
W5                L5
  3       0        1
2143.24      1955.18
   8.26        -8.26
2151.50      1946.92


2020-11- 7  4:21
2001            1001
W4                L4
  4       0        1
2151.50      1946.92
   7.50        -7.50
2158.99      1939.42


2020-11- 7  4:50
3001            1001
W3                L3
  1       0        0
2081.58      1939.42
   7.54        -7.54
2089.12      1931.88


2020-11- 7  4:52
1001            3001
W4                L4
  1       0        1
1931.88      2089.12
 11.50       -11.50
1943.38      2077.62


2020-11- 8  3:18
1001            3001
W5                L5
  2       0        1
1943.38      2077.62
 12.11       -12.11
1955.49      2065.51


2020-11- 8  3:20
3001            1001
W6                L6
  2       0        2
2065.51      1955.49
   9.83        -9.83
2075.35      1945.66


2020-11- 8  3:22
1001            3001
W6                L6
  3       0        2
1945.66      2075.35
 12.92       -12.92
1958.58      2062.43


2020-11- 8  3:44
5002            1001
W4                L4
  1       0        0
1910.85      1958.58
 10.29       -10.29
1921.14      1948.29


2020-11- 8  3:44
5002            1001
W6                L6
  2       0        0
1921.14      1948.29
 11.60       -11.60
1932.74      1936.69


2020-11- 8  3:46
5002            1001
W6                L6
  3       0        0
1932.74      1936.69
 11.30       -11.30
1944.04      1925.39


2020-11- 8  3:49
5002            1001
W5                L5
  4       0        0
1944.04      1925.39
 10.27       -10.27
1954.32      1915.11


2020-11- 8  3:52
1001            5002
W5                L5
  1       0        4
1915.11      1954.32
 10.97       -10.97
1926.09      1943.34


