2020-11- 4  2:49
5002            6001
W5                L5
  1       0        0
2000.00      2000.00
 10.50       -10.50
2010.50      1989.50


2020-11- 4  2:49
5002            6001
W2                L2
  2       0        0
2010.50      1989.50
   8.05        -8.05
2018.55      1981.45


2020-11- 4  2:50
5002            6001
W2                L2
  3       0        0
2018.55      1981.45
   7.90        -7.90
2026.45      1973.55


2020-11- 4  2:50
6001            5002
W4                L4
  1       0        3
1973.55      2026.45
 10.34       -10.34
1983.90      2016.11


2020-11- 4  2:50
5002            6001
W1                L1
  4       0        1
2016.11      1983.90
   7.22        -7.22
2023.33      1976.67


2020-11- 4  2:51
5002            5001
W6                L6
  1       0        0
2023.33      1952.70
 10.34       -10.34
2033.67      1942.36


2020-11- 4  2:51
5002            5001
W6                L6
  2       0        0
2033.67      1942.36
 10.07       -10.07
2043.74      1932.29


2020-11- 4  2:51
5002            5001
W5                L5
  3       0        0
2043.74      1932.29
   9.16        -9.16
2052.90      1923.13


2020-11- 4  2:51
5001            5002
W6                L6
  1       0        3
1923.13      2052.90
 12.92       -12.92
1936.05      2039.98


2020-11- 4  2:51
5001            5002
W6                L6
  2       0        3
1936.05      2039.98
 12.59       -12.59
1948.64      2027.40


2020-11- 5 23:21
2002            5002
W4                L4
  1       0        0
2029.70      2027.40
   9.72        -9.72
2039.43      2017.67


2020-11- 5 23:22
2002            5002
W5                L5
  2       0        0
2039.43      2017.67
 10.24       -10.24
2049.66      2007.43


2020-11- 5 23:26
2002            5002
W4                L4
  3       0        0
2049.66      2007.43
   9.28        -9.28
2058.94      1998.16


2020-11- 5 23:27
5002            2002
W6                L6
  1       0        3
1998.16      2058.94
 12.04       -12.04
2010.19      2046.90


2020-11- 5 23:31
2002            5002
W5                L5
  4       0        1
2046.90      2010.19
 10.06       -10.06
2056.96      2000.14


2020-11- 6  2: 8
1002            5002
W5                L5
  1       0        0
1958.12      2000.14
 11.01       -11.01
1969.13      1989.13


2020-11- 6  2:10
1002            5002
W6                L6
  2       0        0
1969.13      1989.13
 11.51       -11.51
1980.64      1977.62


2020-11- 6  2:13
1002            5002
W5                L5
  3       0        0
1980.64      1977.62
 10.46       -10.46
1991.10      1967.16


2020-11- 6  2:14
1002            5002
W6                L6
  4       0        0
1991.10      1967.16
 10.94       -10.94
2002.04      1956.22


2020-11- 6  2:21
1002            5002
W3                L3
  5       0        0
2002.04      1956.22
   8.53        -8.53
2010.57      1947.69


2020-11- 7  4:30
3001            5002
W5                L5
  1       0        0
2058.18      1947.69
   9.17        -9.17
2067.35      1938.52


2020-11- 7  4:30
5002            3001
W6                L6
  1       0        1
1938.52      2067.35
 12.91       -12.91
1951.43      2054.45


2020-11- 7  4:34
3001            5002
W5                L5
  2       0        1
2054.45      1951.43
   9.26        -9.26
2063.71      1942.17


2020-11- 7  4:39
3001            5002
W5                L5
  3       0        1
2063.71      1942.17
   9.04        -9.04
2072.75      1933.13


2020-11- 7  4:43
3001            5002
W5                L5
  4       0        1
2072.75      1933.13
   8.83        -8.83
2081.58      1924.30


2020-11- 8  3:29
2001            5002
W3                L3
  1       0        0
2158.99      1924.30
   6.63        -6.63
2165.62      1917.68


2020-11- 8  3:31
2001            5002
W5                L5
  2       0        0
2165.62      1917.68
   7.58        -7.58
2173.20      1910.09


2020-11- 8  3:35
2001            5002
W3                L3
  3       0        0
2173.20      1910.09
   6.35        -6.35
2179.56      1903.74


2020-11- 8  3:36
5002            2001
W6                L6
  1       0        3
1903.74      2179.56
 14.71       -14.71
1918.45      2164.85


2020-11- 8  3:38
2001            5002
W5                L5
  4       0        1
2164.85      1918.45
   7.60        -7.60
2172.45      1910.85


2020-11- 8  3:44
5002            1001
W4                L4
  1       0        0
1910.85      1958.58
 10.29       -10.29
1921.14      1948.29


2020-11- 8  3:44
5002            1001
W6                L6
  2       0        0
1921.14      1948.29
 11.60       -11.60
1932.74      1936.69


2020-11- 8  3:46
5002            1001
W6                L6
  3       0        0
1932.74      1936.69
 11.30       -11.30
1944.04      1925.39


2020-11- 8  3:49
5002            1001
W5                L5
  4       0        0
1944.04      1925.39
 10.27       -10.27
1954.32      1915.11


2020-11- 8  3:52
1001            5002
W5                L5
  1       0        4
1915.11      1954.32
 10.97       -10.97
1926.09      1943.34


2020-11-13  1:38
5002            6001
W1                L1
  5       0        1
1943.34      1874.87
   6.91        -6.91
1950.25      1867.96


2020-11-13  1:47
5002            6001
W4                L4
  6       0        1
1950.25      1867.96
   8.83        -8.83
1959.08      1859.13


2020-11-13  1:53
5002            6001
W5                L5
  7       0        1
1959.08      1859.13
   9.30        -9.30
1968.38      1849.83


2020-11-13  1:57
5002            6001
W4                L4
  8       0        1
1968.38      1849.83
   8.43        -8.43
1976.81      1841.41


2020-11-13  2: 0
6001            5002
W5                L5
  2       0        8
1841.41      1976.81
 12.12       -12.12
1853.53      1964.69


2020-11-13  2:26
1001            5002
W5                L5
  2       0        4
1917.35      1964.69
 11.07       -11.07
1928.43      1953.61


2020-11-13  2:28
5002            1001
W4                L4
  5       0        2
1953.61      1928.43
   9.47        -9.47
1963.08      1918.96


2020-11-13  2:29
5002            1001
W6                L6
  6       0        2
1963.08      1918.96
 10.68       -10.68
1973.76      1908.28


2020-11-13  2:32
1001            5002
W3                L3
  3       0        6
1908.28      1973.76
   9.68        -9.68
1917.96      1964.09


2020-11-13  2:33
5002            1001
W6                L6
  7       0        3
1964.09      1917.96
 10.65       -10.65
1974.74      1907.31


2020-11-13  3:11
5002            3002
W6                L6
  1       0        0
1974.74      2052.25
 12.25       -12.25
1986.99      2040.00


2020-11-13  3:12
5002            3002
W6                L6
  2       0        0
1986.99      2040.00
 11.94       -11.94
1998.93      2028.06


2020-11-13  3:15
3002            5002
W4                L4
  1       0        2
2028.06      1998.93
   9.42        -9.42
2037.49      1989.51


2020-11-13  3:17
5002            3002
W4                L4
  3       0        1
1989.51      2037.49
 10.29       -10.29
1999.79      2027.20


2020-11-13  3:19
3002            5002
W4                L4
  2       0        3
2027.20      1999.79
   9.44        -9.44
2036.64      1990.35


2020-11-22 22:20
5002            1003
W6                L6
  1       0        0
1990.35      1955.04
 10.79       -10.79
2001.15      1944.25


2020-11-22 22:22
1003            5002
W5                L5
  1       0        1
1944.25      2001.15
 11.19       -11.19
1955.44      1989.96


2020-11-22 22:26
5002            1003
W3                L3
  2       0        1
1989.96      1955.44
   8.64        -8.64
1998.60      1946.80


2020-11-22 22:27
5002            1003
W6                L6
  3       0        1
1998.60      1946.80
 10.58       -10.58
2009.18      1936.22


2020-11-22 22:28
5002            1003
W6                L6
  4       0        1
2009.18      1936.22
 10.31       -10.31
2019.49      1925.91


2020-11-23  0:47
4002            5002
W5                L5
  1       0        0
2004.06      2019.49
 10.69       -10.69
2014.75      2008.80


2020-11-23  0:49
5002            4002
W6                L6
  1       0        1
2008.80      2014.75
 11.33       -11.33
2020.13      2003.42


2020-11-23  0:52
5002            4002
W4                L4
  2       0        1
2020.13      2003.42
   9.56        -9.56
2029.70      1993.86


2020-11-23  0:53
5002            4002
W6                L6
  3       0        1
2029.70      1993.86
 10.79       -10.79
2040.48      1983.07


2020-11-23  0:54
5002            4002
W6                L6
  4       0        1
2040.48      1983.07
 10.51       -10.51
2050.99      1972.56


