2020-11-14 16:39
2003            6003
W5                L5
  1       0        0
2000.00      2000.00
 10.50       -10.50
2010.50      1989.50


2020-11-14 16:45
2003            6003
W1                L1
  2       0        0
2010.50      1989.50
   7.32        -7.32
2017.82      1982.18


2020-11-14 16:48
2003            6003
W5                L5
  3       0        0
2017.82      1982.18
 10.07       -10.07
2027.89      1972.11


2020-11-14 16:56
2003            6003
W3                L3
  4       0        0
2027.89      1972.11
   8.42        -8.42
2036.31      1963.69


2020-11-14 17:12
2003            6003
W4                L4
  5       0        0
2036.31      1963.69
   8.94        -8.94
2045.25      1954.75


2020-11-14 17:38
2001            6003
W4                L4
  1       0        0
2226.55      1954.75
   6.79        -6.79
2233.35      1947.96


2020-11-14 17:41
2001            6003
W6                L6
  2       0        0
2233.35      1947.96
   7.68        -7.68
2241.03      1940.28


2020-11-14 17:53
2001            6003
W2                L2
  3       0        0
2241.03      1940.28
   5.50        -5.50
2246.53      1934.77


2020-11-14 17:59
2001            6003
W5                L5
  4       0        0
2246.53      1934.77
   6.89        -6.89
2253.42      1927.89


2020-11-14 18: 5
2001            6003
W3                L3
  5       0        0
2253.42      1927.89
   5.78        -5.78
2259.20      1922.11


2020-11-14 18: 8
6003            1002
W5                L5
  1       0        0
1922.11      1915.30
 10.42       -10.42
1932.53      1904.88


2020-11-14 18:11
6003            1002
W5                L5
  2       0        0
1932.53      1904.88
 10.17       -10.17
1942.70      1894.71


2020-11-14 18:13
6003            1002
W6                L6
  3       0        0
1942.70      1894.71
 10.63       -10.63
1953.33      1884.08


2020-11-14 18:18
1002            6003
W4                L4
  1       0        3
1884.08      1953.33
 10.53       -10.53
1894.61      1942.80


2020-11-14 18:21
6003            1002
W5                L5
  4       0        1
1942.80      1894.61
   9.92        -9.92
1952.72      1884.69


