2020-11-12  0:18
4002            1003
W5                L5
  1       0        0
2000.00      2000.00
 10.50       -10.50
2010.50      1989.50


2020-11-12  0:20
1003            4002
W6                L6
  1       0        1
1989.50      2010.50
 11.52       -11.52
2001.02      1998.98


2020-11-12  0:23
4002            1003
W5                L5
  2       0        1
1998.98      2001.02
 10.52       -10.52
2009.50      1990.50


2020-11-12  0:27
4002            1003
W5                L5
  3       0        1
2009.50      1990.50
 10.27       -10.27
2019.78      1980.23


2020-11-12  0:29
4002            1003
W5                L5
  4       0        1
2019.78      1980.23
 10.02       -10.02
2029.80      1970.21


2020-11-12  0:56
1003            5001
W6                L6
  1       0        0
1970.21      1928.29
 10.71       -10.71
1980.91      1917.59


2020-11-12  0:57
5001            1003
W6                L6
  1       0        1
1917.59      1980.91
 12.07       -12.07
1929.66      1968.85


2020-11-12  1: 0
1003            5001
W4                L4
  2       0        1
1968.85      1929.66
   9.31        -9.31
1978.16      1920.35


2020-11-12  1: 2
5001            1003
W5                L5
  2       0        2
1920.35      1978.16
 11.20       -11.20
1931.54      1966.96


2020-11-12  1: 4
5001            1003
W6                L6
  3       0        2
1931.54      1966.96
 11.71       -11.71
1943.25      1955.25


2020-11-12  1:46
1003            6002
W3                L3
  1       0        0
1955.25      1982.42
   9.28        -9.28
1964.53      1973.14


2020-11-12  1:47
1003            6002
W6                L6
  2       0        0
1964.53      1973.14
 11.36       -11.36
1975.90      1961.78


2020-11-12  1:48
6002            1003
W6                L6
  1       0        2
1961.78      1975.90
 11.43       -11.43
1973.21      1964.46


2020-11-12  1:52
1003            6002
W3                L3
  3       0        1
1964.46      1973.21
   9.09        -9.09
1973.55      1964.12


2020-11-12  1:57
1003            6002
W3                L3
  4       0        1
1973.55      1964.12
   8.90        -8.90
1982.46      1955.22


