2019-11-28  0:40
3001            3002
W2                L2
  1       0        0
2000.00      2000.00
   8.00        -8.00
2008.00      1992.00


2019-11-28  0:46
3002            3001
W5                L5
  1       0        1
1992.00      2008.00
   9.67        -9.67
2001.68      1998.33


2019-11-28  0:48
3001            3002
W6                L6
  2       0        1
1998.33      2001.68
 10.04       -10.04
2008.37      1991.64


2019-11-28  0:53
3002            3001
W4                L4
  2       0        2
1991.64      2008.37
   9.17        -9.17
2000.81      1999.19


2019-11-28  0:55
3002            3001
W5                L5
  3       0        2
2000.81      1999.19
   9.48        -9.48
2010.30      1989.71


2019-11-28  0:59
2001            3002
W6                L6
  1       0        0
2035.70      2010.30
   9.71        -9.71
2045.41      2000.59


2019-11-28  1: 2
2001            3002
W5                L5
  2       0        0
2045.41      2000.59
   9.01        -9.01
2054.42      1991.58


2019-11-28  1:13
3002            2001
W2                L2
  1       0        2
1991.58      2054.42
   8.58        -8.58
2000.16      2045.85


2019-11-28  1:14
2001            3002
W6                L6
  3       0        1
2045.85      2000.16
   9.47        -9.47
2055.32      1990.68


2019-11-28  1:16
3002            2001
W5                L5
  2       0        3
1990.68      2055.32
 10.21       -10.21
2000.89      2045.12


2019-11-28 21:42
3002            2002
W6                L6
  1       0        0
2000.89      2063.18
 10.72       -10.72
2011.61      2052.46


2019-11-28 21:46
2002            3002
W4                L4
  1       0        1
2052.46      2011.61
   8.58        -8.58
2061.04      2003.03


2019-11-28 21:50
2002            3002
W4                L4
  2       0        1
2061.04      2003.03
   8.40        -8.40
2069.44      1994.63


2019-11-28 21:55
3002            2002
W4                L4
  2       0        2
1994.63      2069.44
   9.77        -9.77
2004.40      2059.67


2019-11-28 21:56
3002            2002
W5                L5
  3       0        2
2004.40      2059.67
 10.10       -10.10
2014.51      2049.56


2019-11-28 21:59
1001            3002
W6                L6
  1       0        0
1909.81      2014.51
 11.20       -11.20
1921.01      2003.31


2019-11-28 22: 2
3002            1001
W6                L6
  1       0        1
2003.31      1921.01
   9.06        -9.06
2012.36      1911.95


2019-11-28 22: 5
3002            1001
W4                L4
  2       0        1
2012.36      1911.95
   7.96        -7.96
2020.33      1903.99


2019-11-28 22:11
3002            1001
W3                L3
  3       0        1
2020.33      1903.99
   7.37        -7.37
2027.70      1896.62


