2020-11- 4  2:49
3001            5001
W5                L5
  1       0        0
2000.00      2000.00
 10.50       -10.50
2010.50      1989.50


2020-11- 4  2:49
3001            5001
W3                L3
  2       0        0
2010.50      1989.50
   8.78        -8.78
2019.28      1980.72


2020-11- 4  2:49
3001            5001
W4                L4
  3       0        0
2019.28      1980.72
   9.32        -9.32
2028.60      1971.40


2020-11- 4  2:49
3001            5001
W5                L5
  4       0        0
2028.60      1971.40
   9.81        -9.81
2038.41      1961.59


2020-11- 4  2:49
3001            5001
W4                L4
  5       0        0
2038.41      1961.59
   8.89        -8.89
2047.30      1952.70


2020-11- 4  2:51
5002            5001
W6                L6
  1       0        0
2023.33      1952.70
 10.34       -10.34
2033.67      1942.36


2020-11- 4  2:51
5002            5001
W6                L6
  2       0        0
2033.67      1942.36
 10.07       -10.07
2043.74      1932.29


2020-11- 4  2:51
5002            5001
W5                L5
  3       0        0
2043.74      1932.29
   9.16        -9.16
2052.90      1923.13


2020-11- 4  2:51
5001            5002
W6                L6
  1       0        3
1923.13      2052.90
 12.92       -12.92
1936.05      2039.98


2020-11- 4  2:51
5001            5002
W6                L6
  2       0        3
1936.05      2039.98
 12.59       -12.59
1948.64      2027.40


2020-11- 5  0:32
2001            5001
W5                L5
  1       0        0
2055.23      1948.64
   9.22        -9.22
2064.45      1939.42


2020-11- 5  0:37
2001            5001
W4                L4
  2       0        0
2064.45      1939.42
   8.36        -8.36
2072.81      1931.07


2020-11- 5  0:40
2001            5001
W3                L3
  3       0        0
2072.81      1931.07
   7.54        -7.54
2080.35      1923.52


2020-11- 5  0:44
2001            5001
W3                L3
  4       0        0
2080.35      1923.52
   7.39        -7.39
2087.75      1916.13


2020-11- 5  0:47
2001            5001
W5                L5
  5       0        0
2087.75      1916.13
   8.45        -8.45
2096.20      1907.68


2020-11- 6  0:20
1001            5001
W6                L6
  1       0        0
1976.70      1907.68
 10.36       -10.36
1987.06      1897.32


2020-11- 6  0:22
5001            1001
W6                L6
  1       0        1
1897.32      1987.06
 12.41       -12.41
1909.73      1974.65


2020-11- 6  0:22
5001            1001
W6                L6
  2       0        1
1909.73      1974.65
 12.09       -12.09
1921.82      1962.56


2020-11- 6  0:24
1001            5001
W6                L6
  2       0        2
1962.56      1921.82
 10.72       -10.72
1973.29      1911.10


2020-11- 6  0:25
5001            1001
W6                L6
  3       0        2
1911.10      1973.29
 12.05       -12.05
1923.15      1961.23


2020-11- 8 23:49
5001            6001
W5                L5
  1       0        0
1923.15      1905.11
 10.28       -10.28
1933.44      1894.83


2020-11- 8 23:53
5001            6001
W5                L5
  2       0        0
1933.44      1894.83
 10.03       -10.03
1943.47      1884.80


2020-11- 9  0: 1
6001            5001
W5                L5
  1       0        2
1884.80      1943.47
 11.21       -11.21
1896.01      1932.26


2020-11- 9  0: 7
6001            5001
W2                L2
  2       0        2
1896.01      1932.26
   8.59        -8.59
1904.60      1923.67


2020-11- 9  0:10
5001            6001
W5                L5
  3       0        2
1923.67      1904.60
 10.27       -10.27
1933.94      1894.33


2020-11- 9  1:35
1002            5001
W5                L5
  1       0        0
1984.64      1933.94
   9.89        -9.89
1994.53      1924.05


2020-11- 9  1:42
1002            5001
W4                L4
  2       0        0
1994.53      1924.05
   8.96        -8.96
2003.49      1915.09


2020-11- 9  1:42
5001            1002
W6                L6
  1       0        2
1915.09      2003.49
 12.39       -12.39
1927.48      1991.10


2020-11- 9  1:45
1002            5001
W5                L5
  3       0        1
1991.10      1927.48
   9.73        -9.73
2000.83      1917.75


2020-11- 9  1:48
1002            5001
W4                L4
  4       0        1
2000.83      1917.75
   8.82        -8.82
2009.65      1908.93


