2020-11-15 19:44
4001            5003
W6                L6
  1       0        0
2000.00      2000.00
 11.25       -11.25
2011.25      1988.75


2020-11-15 19:48
4001            5003
W5                L5
  2       0        0
2011.25      1988.75
 10.23       -10.23
2021.48      1978.52


2020-11-15 19:50
4001            5003
W5                L5
  3       0        0
2021.48      1978.52
   9.98        -9.98
2031.46      1968.54


2020-11-15 19:50
4001            5003
W4                L4
  4       0        0
2031.46      1968.54
   9.04        -9.04
2040.51      1959.50


2020-11-15 19:50
4001            5003
W4                L4
  5       0        0
2040.51      1959.50
   8.84        -8.84
2049.35      1950.65


2020-11-15 20: 9
3001            5003
W6                L6
  1       0        0
2053.84      1950.65
   9.92        -9.92
2063.76      1940.73


2020-11-15 20:13
3001            5003
W2                L2
  2       0        0
2063.76      1940.73
   7.09        -7.09
2070.85      1933.64


2020-11-15 20:19
3001            5003
W1                L1
  3       0        0
2070.85      1933.64
   6.32        -6.32
2077.18      1927.32


2020-11-21 21:17
3001            5003
W4                L4
  4       0        0
2077.18      1927.32
   8.08        -8.08
2085.26      1919.23


2020-11-21 21:19
3001            5003
W5                L5
  5       0        0
2085.26      1919.23
   8.52        -8.52
2093.78      1910.72


2020-11-22  1: 2
5003            2002
W6                L6
  1       0        0
1910.72      2106.58
 13.74       -13.74
1924.46      2092.83


2020-11-22  1: 4
2002            5003
W6                L6
  1       0        1
2092.83      1924.46
   9.10        -9.10
2101.93      1915.37


2020-11-22  1: 8
2002            5003
W4                L4
  2       0        1
2101.93      1915.37
   7.69        -7.69
2109.62      1907.68


2020-11-22  1:11
5003            2002
W6                L6
  2       0        2
1907.68      2109.62
 13.82       -13.82
1921.50      2095.80


2020-11-22  1:15
2002            5003
W5                L5
  3       0        2
2095.80      1921.50
   8.42        -8.42
2104.22      1913.08


