2020-11-12  0:18
4002            1003
W5                L5
  1       0        0
2000.00      2000.00
 10.50       -10.50
2010.50      1989.50


2020-11-12  0:20
1003            4002
W6                L6
  1       0        1
1989.50      2010.50
 11.52       -11.52
2001.02      1998.98


2020-11-12  0:23
4002            1003
W5                L5
  2       0        1
1998.98      2001.02
 10.52       -10.52
2009.50      1990.50


2020-11-12  0:27
4002            1003
W5                L5
  3       0        1
2009.50      1990.50
 10.27       -10.27
2019.78      1980.23


2020-11-12  0:29
4002            1003
W5                L5
  4       0        1
2019.78      1980.23
 10.02       -10.02
2029.80      1970.21


2020-11-12  1:21
4002            6002
W1                L1
  1       0        0
2029.80      1967.04
   6.96        -6.96
2036.76      1960.08


2020-11-12  1:28
6002            4002
W2                L2
  1       0        1
1960.08      2036.76
   8.98        -8.98
1969.06      2027.78


2020-11-12  1:33
4002            6002
W3                L3
  2       0        1
2027.78      1969.06
   8.39        -8.39
2036.18      1960.67


2020-11-12  1:36
6002            4002
W4                L4
  2       0        2
1960.67      2036.18
 10.60       -10.60
1971.26      2025.58


2020-11-12  1:38
6002            4002
W5                L5
  3       0        2
1971.26      2025.58
 11.16       -11.16
1982.42      2014.43


2020-11-12  2: 5
4002            5001
W6                L6
  1       0        0
2014.43      1943.25
 10.33       -10.33
2024.76      1932.92


2020-11-12  2: 6
5001            4002
W5                L5
  1       0        1
1932.92      2024.76
 11.61       -11.61
1944.53      2013.15


2020-11-12  2:11
5001            4002
W2                L2
  2       0        1
1944.53      2013.15
   8.90        -8.90
1953.43      2004.25


2020-11-12  2:14
5001            4002
W4                L4
  3       0        1
1953.43      2004.25
 10.32       -10.32
1963.75      1993.93


2020-11-12  2:16
4002            5001
W5                L5
  2       0        3
1993.93      1963.75
 10.14       -10.14
2004.07      1953.62


2020-11-23  0:21
1001            4002
W6                L6
  1       0        0
1907.74      2004.07
 12.49       -12.49
1920.23      1991.57


2020-11-23  0:22
4002            1001
W6                L6
  1       0        1
1991.57      1920.23
 10.33       -10.33
2001.90      1909.90


2020-11-23  0:26
1001            4002
W1                L1
  2       0        1
1909.90      2001.90
   8.29        -8.29
1918.20      1993.61


2020-11-23  0:28
4002            1001
W5                L5
  2       0        2
1993.61      1918.20
   9.59        -9.59
2003.20      1908.60


2020-11-23  0:30
4002            1001
W5                L5
  3       0        2
2003.20      1908.60
   9.36        -9.36
2012.57      1899.24


2020-11-23  0:32
4002            3002
W6                L6
  1       0        0
2012.57      2045.78
 11.68       -11.68
2024.25      2034.10


2020-11-23  0:33
3002            4002
W5                L5
  1       0        1
2034.10      2024.25
 10.38       -10.38
2044.48      2013.87


2020-11-23  0:35
3002            4002
W6                L6
  2       0        1
2044.48      2013.87
 10.85       -10.85
2055.33      2003.01


2020-11-23  0:36
4002            3002
W6                L6
  2       0        2
2003.01      2055.33
 11.93       -11.93
2014.94      2043.41


2020-11-23  0:39
3002            4002
W6                L6
  3       0        2
2043.41      2014.94
 10.88       -10.88
2054.29      2004.06


2020-11-23  0:47
4002            5002
W5                L5
  1       0        0
2004.06      2019.49
 10.69       -10.69
2014.75      2008.80


2020-11-23  0:49
5002            4002
W6                L6
  1       0        1
2008.80      2014.75
 11.33       -11.33
2020.13      2003.42


2020-11-23  0:52
5002            4002
W4                L4
  2       0        1
2020.13      2003.42
   9.56        -9.56
2029.70      1993.86


2020-11-23  0:53
5002            4002
W6                L6
  3       0        1
2029.70      1993.86
 10.79       -10.79
2040.48      1983.07


2020-11-23  0:54
5002            4002
W6                L6
  4       0        1
2040.48      1983.07
 10.51       -10.51
2050.99      1972.56


2020-11-23  1: 0
6001            4002
W2                L2
  1       0        0
1844.70      1972.56
   9.46        -9.46
1854.15      1963.11


2020-11-23  1: 2
6001            4002
W5                L5
  2       0        0
1854.15      1963.11
 11.81       -11.81
1865.96      1951.30


2020-11-23  1: 2
4002            6001
W5                L5
  1       0        2
1951.30      1865.96
   9.47        -9.47
1960.77      1856.49


2020-11-23  1: 6
4002            6001
W5                L5
  2       0        2
1960.77      1856.49
   9.25        -9.25
1970.02      1847.25


2020-11-23  1: 7
4002            6001
W6                L6
  3       0        2
1970.02      1847.25
   9.67        -9.67
1979.69      1837.58


2020-12- 5 14:16
4002            1002
W3                L3
  1       0        0
1979.69      1822.69
   7.69        -7.69
1987.38      1815.00


2020-12- 5 14:16
1002            4002
W3                L3
  1       0        1
1815.00      1987.38
 11.06       -11.06
1826.07      1976.32


2020-12- 5 14:16
4002            1002
W3                L3
  2       0        1
1976.32      1826.07
   7.76        -7.76
1984.08      1818.31


2020-12- 5 14:16
1002            4002
W3                L3
  2       0        2
1818.31      1984.08
 11.00       -11.00
1829.31      1973.08


2020-12- 5 14:17
4002            1002
W1                L1
  3       0        2
1973.08      1829.31
   6.37        -6.37
1979.45      1822.94


2020-12- 5 14:21
2001            4002
W4                L4
  1       0        0
2327.86      1979.45
   6.54        -6.54
2334.40      1972.91


2020-12- 5 14:21
2001            4002
W5                L5
  2       0        0
2334.40      1972.91
   7.17        -7.17
2341.57      1965.75


2020-12- 5 14:21
2001            4002
W5                L5
  3       0        0
2341.57      1965.75
   7.02        -7.02
2348.59      1958.73


2020-12- 5 14:21
2001            4002
W5                L5
  4       0        0
2348.59      1958.73
   6.88        -6.88
2355.47      1951.85


2020-12- 5 14:21
2001            4002
W6                L6
  5       0        0
2355.47      1951.85
   7.57        -7.57
2363.04      1944.28


2020-12- 5 14:24
2003            4002
W2                L2
  1       0        0
2223.60      1944.28
   5.88        -5.88
2229.49      1938.39


2020-12- 5 14:24
2003            4002
W3                L3
  2       0        0
2229.49      1938.39
   6.39        -6.39
2235.88      1932.00


2020-12- 5 14:24
2003            4002
W3                L3
  3       0        0
2235.88      1932.00
   6.27        -6.27
2242.15      1925.73


2020-12- 5 14:25
2003            4002
W4                L4
  4       0        0
2242.15      1925.73
   6.85        -6.85
2249.00      1918.88


2020-12- 5 14:25
2003            4002
W5                L5
  5       0        0
2249.00      1918.88
   7.49        -7.49
2256.49      1911.39


2020-12- 5 14:29
4002            6003
W6                L6
  1       0        0
1911.39      1923.72
 12.61       -12.61
1924.00      1911.11


2020-12- 5 14:29
4002            6003
W6                L6
  2       0        0
1924.00      1911.11
 12.28       -12.28
1936.28      1898.82


2020-12- 5 14:29
4002            6003
W6                L6
  3       0        0
1936.28      1898.82
 11.97       -11.97
1948.25      1886.86


2020-12- 5 14:29
4002            6003
W5                L5
  4       0        0
1948.25      1886.86
 10.56       -10.56
1958.81      1876.30


2020-12- 5 14:29
6003            4002
W6                L6
  1       0        4
1876.30      1958.81
 13.52       -13.52
1889.82      1945.29


